0.02
1500
0
343
686
1029
1372
1715
2057
2400
2742
3084
3426
3768
4110
4452
4793
5135
5476
5817
6158
6499
6840
7181
7521
7862
8202
8542
8883
9223
9563
9902
10242
10582
10921
11261
11600
11939
12278
12617
12956
13294
13633
13971
14310
14648
14986
15324
15662
16000
16338
16676
17013
17351
17688
18025
18362
18699
19036
19373
19710
20047
20383
20720
21056
21392
21729
22065
22401
22737
23072
23408
23744
24079
24415
24750
25085
25421
25756
26091
26426
26760
27095
27430
27764
28099
28433
28768
29102
29436
29770
30104
30438
30772
31106
31439
31773
32106
32440
32773
33107
33440
33773
34106
34439
34772
35105
35438
35770
36103
36435
36768
37100
37433
37765
38097
38429
38762
39094
39425
39757
40089
40421
40753
41084
41416
41747
42079
42410
42742
43073
43404
43735
44066
44397
44729
45060
45392
45723
46055
46387
46719
47050
47382
47713
48045
48376
48707
49038
49368
49699
50029
50359
50688
51017
51345
51674
52001
52328
52655
52981
53307
53632
53956
54280
54603
54925
55246
55567
55887
56206
56524
56842
57158
57474
57789
58104
58418
58731
59044
59356
59668
59978
60289
60599
60908
61216
61524
61832
62139
62445
62750
63056
63360
63664
63967
64270
64572
64874
65175
65476
65776
66075
66374
66672
66970
67268
67566
67863
68159
68454
68747
69037
69325
69609
69889
70166
70441
70716
70991
71264
71537
71809
72081
72352
72622
72892
73161
73429
73697
73964
74231
74496
74762
75026
75290
75553
75815
76077
76339
76599
76859
77118
77377
77635
77892
78149
78405
78661
78916
79170
79423
79676
79929
80180
80432
80682
80932
81181
81430
81677
81925
82171
82418
82663
82908
83152
83396
83639
83881
84123
84364
84605
84844
85084
85323
85561
85798
86035
86271
86507
86742
86977
87210
87442
87673
87903
88132
88359
88585
88810
89034
89257
89479
89701
89921
90140
90359
90577
90794
91011
91227
91442
91657
91871
92085
92298
92511
92724
92936
93148
93359
93570
93779
93988
94196
94403
94610
94816
95021
95225
95429
95632
95835
96037
96239
96440
96640
96840
97040
97239
97437
97634
97831
98026
98221
98415
98608
98800
98990
99181
99372
99562
99753
99943
100132
100321
100509
100696
100881
101065
101248
101428
101607
101783
101957
102129
102300
102470
102639
102808
102975
103142
103308
103474
103638
103802
103965
104127
104288
104449
104608
104767
104926
105083
105240
105396
105552
105707
105861
106014
106167
106319
106470
106621
106771
106921
107069
107218
107365
107512
107658
107804
107949
108094
108237
108379
108520
108660
108799
108937
109074
109210
109346
109481
109615
109748
109881
110014
110146
110278
110410
110541
110672
110803
110934
111065
111196
111326
111456
111585
111714
111843
111971
112099
112226
112353
112480
112607
112733
112859
112984
113110
113235
113360
113485
113609
113733
113857
113981
114105
114229
114352
114474
114597
114719
114841
114963
115084
115206
115327
115447
115568
115689
115809
115929
116049
116169
116289
116408
116528
116648
116767
116887
117006
117125
117244
117363
117482
117601
117719
117837
117955
118073
118191
118309
118427
118544
118662
118779
118897
119014
119132
119249
119366
119484
119601
119718
119836
119953
120070
120188
120305
120422
120539
120656
120773
120890
121007
121124
121241
121359
121476
121593
121710
121827
121944
122061
122178
122295
122412
122530
122647
122764
122882
122999
123116
123234
123351
123468
123586
123703
123821
123938
124056
124173
124291
124409
124527
124645
124763
124881
124999
125118
125237
125356
125475
125594
125713
125833
125952
126072
126192
126311
126431
126551
126671
126791
126911
127032
127153
127273
127394
127516
127637
127759
127881
128003
128126
128248
128371
128495
128619
128743
128867
128991
129115
129240
129365
129490
129616
129741
129867
129993
130120
130247
130374
130501
130629
130757
130886
131015
131144
131274
131404
131535
131666
131797
131928
132059
132190
132322
132454
132586
132719
132852
132985
133119
133254
133390
133526
133663
133801
133940
134080
134221
134363
134506
134651
134796
134942
135088
135235
135382
135531
135679
135829
135979
136130
136281
136433
136586
136739
136893
137048
137204
137360
137517
137674
137833
137992
138151
138312
138473
138635
138798
138962
139126
139292
139458
139625
139792
139961
140130
140300
140471
140643
140817
140993
141172
141352
141535
141719
141904
142091
142279
142468
142657
142847
143038
143228
143419
143610
143800
143992
144185
144379
144574
144769
144966
145163
145361
145560
145760
145960
146160
146361
146563
146765
146968
147171
147375
147579
147784
147990
148197
148404
148612
148821
149030
149241
149452
149664
149876
150089
150302
150515
150729
150943
151158
151373
151589
151806
152023
152241
152460
152679
152899
153121
153343
153566
153790
154015
154241
154468
154697
154927
155158
155390
155623
155858
156093
156329
156565
156802
157039
157277
157516
157756
157995
158236
158477
158719
158961
159204
159448
159692
159937
160182
160429
160675
160923
161170
161419
161668
161918
162168
162420
162671
162924
163177
163430
163684
163939
164195
164451
164708
164965
165223
165482
165741
166001
166261
166523
166785
167047
167310
167574
167838
168104
168369
168636
168903
169171
169439
169708
169978
170248
170519
170791
171063
171336
171609
171884
172159
172434
172711
172991
173275
173563
173853
174146
174441
174737
175034
175332
175630
175928
176226
176525
176824
177124
177425
177726
178028
178330
178633
178936
179240
179544
179850
180155
180461
180768
181076
181384
181692
182001
182311
182622
182932
183244
183556
183869
184182
184496
184811
185126
185442
185758
186076
186394
186713
187033
187354
187675
187997
188320
188644
188968
189293
189619
189945
190272
190599
190926
191255
191583
191912
192241
192571
192901
193232
193562
193893
194224
194555
194887
195218
195550
195881
196213
196545
196877
197208
197540
197871
198203
198534
198865
199196
199527
199858
200190
200521
200853
201184
201516
201847
202179
202511
202843
203175
203506
203838
204171
204503
204835
205167
205500
205832
206165
206497
206830
207162
207495
207828
208161
208494
208827
209160
209493
209827
210160
210494
210827
211161
211494
211828
212162
212496
212830
213164
213498
213832
214167
214501
214836
215170
215505
215840
216174
216509
216844
217179
217515
217850
218185
218521
218856
219192
219528
219863
220199
220535
220871
221208
221544
221880
222217
222553
222890
223227
223564
223901
224238
224575
224912
225249
225587
225924
226262
226600
226938
227276
227614
227952
228290
228629
228967
229306
229644
229983
230322
230661
231000
231339
231679
232018
232358
232698
233037
233377
233717
234058
234398
234738
235079
235419
235760
236101
236442
236783
237124
237465
237807
238148
238490
238832
239174
239516
239858
240200
240543
240885
241228
241571
241914
242257
242600
242943
243287
243630
243974
244318
244662
245006
245350
245694
246039
246384
246728
247073
247418
247763
248109
248454
248800
249145
249491
249837
250183
250530
250876
251223
251569
251916
252263
252610
252958
253305
253652
254000
254348
254696
255044
255392
255741
256089
256438
256787
257136
257485
257835
258184
258534
258884
259233
259584
259934
260284
260635
260986
261336
261687
262039
262390
262742
263093
263445
263797
264149
264501
264854
265207
265559
265912
266265
266619
266972
267326
267680
268034
268388
268742
269096
269451
269806
270161
270516
270871
271227
271582
271938
272294
272651
273007
273363
273720
274077
274434
274791
275149
275506
275864
276222
276580
276938
277297
277656
278014
278373
278733
279092
279452
279811
280171
280532
280892
281252
281613
281974
282335
282696
283058
283419
283781
284143
284506
284868
285231
285593
285956
286320
286683
287046
287410
287774
288138
288503
288867
289232
289597
289962
290328
290693
291059
291425
291791
292157
292524
292891
293258
293625
293992
294360
294728
295096
295464
295832
296201
296570
296939
297308
297678
298047
298417
298787
299158
299528
299899
300270
300641
301013
301384
301756
302128
302500
302873
303246
303619
303992
304365
304739
305112
305486
305861
306235
306610
306985
307360
307735
308111
308487
308863
309239
309616
309992
310369
310747
311124
311502
311880
312258
312636
313015
313394
313773
314152
314531
314911
315291
315672
316052
316433
316814
317195
317576
317958
318340
318722
319104
319487
319870
320253
320637
321020
321404
321788
322172
322557
322942
323327
323712
324098
324484
324870
325256
325643
326030
326417
326804
327192
327580
327968
328356
328745
329134
329523
329912
330302
330692
331082
331472
331863
332254
332645
333036
333428
333820
334212
334605
334998
335391
335784
336178
336571
336966
337360
337755
338149
338545
338940
339336
339732
340128
340525
340921
341318
341716
342113
342511
342909
343308
343707
344106
344505
344904
345304
345704
346105
346505
346906
347307
347709
348111
348513
348915
349318
349721
350124
350527
350931
351335
351740
352144
352549
352954
353360
353766
354172
354578
354985
355392
355799
356206
356614
357022
357431
357839
358248
358658
359067
359477
359887
360298
360709
361120
361531
361943
362355
362767
363179
363592
364006
364419
364833
365247
365661
366076
366491
366906
367322
367738
368154
368571
368987
369405
369822
370240
370658
371076
371495
371914
372333
372753
373173
373593
374014
374435
374856
375278
375700
376122
376544
376967
377390
377814
378237
378662
379086
379511
379936
380361
380787
381213
381639
382066
382493
382920
383348
383776
384204
384633
385062
385491
385921
386351
386781
387212
387643
388074
388506
388938
389370
389803
390236
390669
391103
391537
391971
392406
392841
393276
393712
394148
394584
395021
395458
395895
396333
396771
397210
397648
398088
398527
398967
399407
399848
400288
400730
401171
401613
402055
402498
402941
403384
403828
404272
404716
405161
405606
406051
406497
406943
407390
407837
408284
408732
409179
409628
410076
410525
410975
411425
411875
412325
412776
413227
413679
414131
414583
415036
415489
415942
416396
416850
417304
417759
418214
418670
419126
419582
420039
420496
420954
421411
421870
422328
422787
423246
423706
424166
424627
425088
425549
426010
426472
426935
427397
427860
428324
428788
429252
429717
430182
430647
431113
431579
432046
432513
432980
433448
433916
434384
434853
435323
435792
436262
436733
437204
437675
438146
438618
439091
439564
440037
440511
440985
441459
441934
442409
